4182	가평군	41		
1168	강남구	11		
1174	강동구	11	19791001	
4215	강릉시	42	19550901	
1130	강북구	11	19950301	
2644	강서구	26	19890101	
1150	강서구	11	19770901	
4681	강진군	46	19880423	
2871	강화군	28	19060101	
4831	거제시	48	19950101	
4888	거창군	48	19880423	
4729	경산시	47	19890101	
4713	경주시	47	19880423	
4425	계룡시	44	20030919	
2824	계양구	28	19950301	
4783	고령군	47	19880423	
4282	고성군	42	19541021	
4882	고성군	48	19880423	
4128	고양시	41		
4579	고창군	45	19880423	
4677	고흥군	46	19880423	
4672	곡성군	46	19880423	
4415	공주시	44	19880423	
4129	과천시	41		
1162	관악구	11		
4121	광명시	41		
2920	광산구	29		
4623	광양시	46	19950101	
4161	광주시	41	20010321	
1121	광진구	11	19981204	
4376	괴산군	43	18950526	
4673	구례군	46	19880423	
1153	구로구	11	19800401	
4131	구리시	41	19860101	
4719	구미시	47	19880423	
4513	군산시	45	19880423	
4772	군위군	47	19880423	
4141	군포시	41		
4471	금산군	44	19880423	
2641	금정구	26	19880101	
1154	금천구	11		
2671	기장군	26	19950301	
4521	김제시	45	19890101	
4715	김천시	47	19880423	
4157	김포시	41		
4825	김해시	48	19880423	
4617	나주시	46	19880423	
3114	남구	31	19970715	
2915	남구	29		
2629	남구	26	19751001	
2720	남구	27	19630101	
2820	남동구	28	19880101	
4136	남양주시	41	19950101	
4519	남원시	45	19880423	
4884	남해군	48	19880423	
1135	노원구	11		
4423	논산시	44	19960301	
4380	단양군	43	19140300	
2729	달서구	27	19880101	
2771	달성군	27	19140301	
4671	담양군	46	19880423	
4427	당진시	44	20120101	
3023	대덕구	30	19890101	
1132	도봉구	11		
3011	동구	30	19890101	
2617	동구	26	19570101	
2911	동구	29		
2814	동구	28	19941220	
2714	동구	27	19630101	
3117	동구	31	19970715	
1123	동대문구	11		
4125	동두천시	41	19810701	
2626	동래구	26	19570101	
1159	동작구	11	19800401	
4217	동해시	42		
1144	마포구	11	19441023	
4611	목포시	46	19880423	
4684	무안군	46	19880423	
4573	무주군	45	19880423	
4728	문경시	47	19950101	
2817	미추홀구	28	20180701	
4827	밀양시	48	19890101	
4418	보령시	44	19950101	
4678	보성군	46	19880423	
4372	보은군	43	18950526	
4792	봉화군	47	19880423	
2623	부산진구	26	19570101	
4580	부안군	45	19880423	
4476	부여군	44	20060111	
4119	부천시	41		
2823	부평구	28	19950301	
2917	북구	29		
2723	북구	27	19630101	
2632	북구	26	19780215	
3120	북구	31	19970715	
2653	사상구	26	19950302	
4824	사천시	48	19950510	
2638	사하구	26	19880502	
4886	산청군	48	19880423	
4223	삼척시	42	19950107	
4725	상주시	47	19880423	
2614	서구	26	19570101	
2914	서구	29	19730701	
3017	서구	30	19890101	
2826	서구	28	19880101	
2717	서구	27	19630101	
5013	서귀포시	50	20060701	
1141	서대문구	11		
4421	서산시	44	19890101	
4477	서천군	44	19880423	
1165	서초구	11		
4113	성남시	41		
1120	성동구	11		
1129	성북구	11		
4784	성주군	47	19880423	
3611	세종특별자치시	36	20120701	
4221	속초시	42	19630101	
1171	송파구	11	19880515	
2726	수성구	27	19800401	
2650	수영구	26	19950301	
4111	수원시	41		
4577	순창군	45	19880423	
4615	순천시	46	19880423	
4139	시흥시	41		
4691	신안군	46	19880423	
4420	아산시	44	19950101	
4717	안동시	47	19880423	
4127	안산시	41		
4155	안성시	41	20050302	
4117	안양시	41		
4280	양구군	42	19540226	
4833	양산시	48	19960301	
4283	양양군	42		
4163	양주시	41	20031019	
1147	양천구	11	19880101	
4183	양평군	41	19080914	
4613	여수시	46	19880423	
4167	여주시	41	20130923	
2818	연수구	28	19950301	
2647	연제구	26	19950301	
4180	연천군	41	19540202	
4687	영광군	46	19880423	
4777	영덕군	47	19880423	
2620	영도구	26	19550101	
4374	영동군	43	19050526	
1156	영등포구	11		
4683	영암군	46	19880423	
4776	영양군	47	19880423	
4275	영월군	42	18960101	
4721	영주시	47	19880423	
4723	영천시	47	19880423	
4481	예산군	44	19880423	
4790	예천군	47	19880423	
4137	오산시	41	19890101	
4373	옥천군	43	18950526	
2872	옹진군	28	19730701	
4689	완도군	46	19880423	
4571	완주군	45	19880423	
1117	용산구	11		
4146	용인시	41	20000301	
4794	울릉군	47	19880423	
3171	울주군	31	19970715	
4793	울진군	47	19880423	
4213	원주시	42	19950101	
3020	유성구	30	19890101	
1138	은평구	11	19791001	
4377	음성군	43	18950526	
4872	의령군	48	19880423	
4773	의성군	47	19880423	
4143	의왕시	41	19890101	
4115	의정부시	41	19630101	
4150	이천시	41		
4514	익산시	45	19950510	
4281	인제군	42	18960804	
4575	임실군	45	19880423	
4688	장성군	46	19880423	
4574	장수군	45	19880423	
4680	장흥군	46	19880423	
4511	전주시	45	19880423	
4277	정선군	42		
4518	정읍시	45	19950101	
5011	제주시	50	20060701	
4315	제천시	43	19800401	
1111	종로구	11	19880423	
3111	중구	31	19970715	
2811	중구	28	19680101	
1114	중구	11	19880423	
2711	중구	27	19630101	
3014	중구	30	19890101	
2611	중구	26	19570101	
1126	중랑구	11	19880516	
4378	증평군	43	20030830	
4690	진도군	46	19880423	
4572	진안군	45	19880423	
4817	진주시	48	19880423	
4375	진천군	43	18950526	
4874	창녕군	48	19880423	
4812	창원시	48	20100701	
4413	천안시	44	19880423	
4278	철원군	42	19541130	
4782	청도군	47	19880423	
4775	청송군	47	19880423	
4479	청양군	44	19880423	
4311	청주시	43	19490815	
4211	춘천시	42	19950101	
4313	충주시	43	19560708	
4785	칠곡군	47	19880423	
4219	태백시	42	19810701	
4482	태안군	44	19890101	
4822	통영시	48	19950101	
4148	파주시	41		
4276	평창군	42	18960804	
4122	평택시	41		
4165	포천시	41	20031019	
4711	포항시	47	19880423	
4145	하남시	41	19890101	
4885	하동군	48	19880423	
4873	함안군	48	19880423	
4887	함양군	48	19880423	
4686	함평군	46	19880423	
4889	합천군	48	19880423	
4682	해남군	46	19880423	
2635	해운대구	26	19800401	
4480	홍성군	44	19880423	
4272	홍천군	42		
4159	화성시	41	20010321	
4679	화순군	46	19880423	
4279	화천군	42	19551020	
4273	횡성군	42	19500101	
